cmhl-L4-w128-tph128-din128-dout-1-prenorm-finalnorm-noresid-aug-s10000
  test std 0.15531   MSE[0,1] 0.014743   PSNR 18.31 dB
  train 0.15325   train/test gap 1.3%   params 17.05M   wall 42s   improving 0.02%/75 at the stop
  vs the linear 784-128-784 floor 0.06877: +125.8%

  step    train     test   per-block gain                  |out| b3  score b0  score b3   m_min    tau
     1  1.59461  1.58555    0.02  1.32  1.19  1.91       0.5        83       176   0.111  0.501
   250  0.30690  0.30709    0.80  1.40  1.07  1.09      36.2       376       506   0.192  0.548
   500  0.26249  0.26206    1.07  1.40  1.04  1.10      51.8       432       580   0.207  0.582
  1000  0.22817  0.22822    1.41  1.38  1.01  1.11      73.7       499       681   0.222  0.627
  2000  0.19705  0.19763    1.80  1.38  1.02  1.09     109.7       592       806   0.241  0.672
  3000  0.18344  0.18421    2.11  1.42  1.02  1.06     146.5       656       887   0.258  0.704
  4000  0.17299  0.17440    2.30  1.46  1.03  1.04     179.8       695       952   0.269  0.732
  5000  0.16942  0.17059    2.40  1.47  1.04  1.02     206.2       717       974   0.274  0.744
  6000  0.16403  0.16567    2.46  1.49  1.06  0.99     232.0       732       996   0.280  0.756
  7000  0.16059  0.16232    2.49  1.54  1.05  0.98     258.8       744      1010   0.285  0.763
  8000  0.15802  0.15978    2.52  1.56  1.05  0.95     277.4       742      1000   0.287  0.769
  9000  0.15672  0.15858    2.50  1.58  1.06  0.95     302.3       746      1007   0.290  0.771
 10000  0.15325  0.15531    2.42  1.61  1.06  0.92     313.2       734       984   0.288  0.768

final per-block profile
  gain    2.420   1.613   1.064   0.915
  |in|    78.63  198.86  320.53  343.34
  |out|  198.86  320.53  343.34  313.23
  score   733.9  1043.2  1207.1   983.9
  m_min   0.245   0.300   0.322   0.286
  tau     0.672   0.775   0.864   0.759
  mean test over (7000, 8500]: 0.16077
  mean test over (8500, 10001]: 0.15739
