cmhl-L4-w128-tph128-din128-dout-1-prenorm-finalnorm-noresid-s10000
  test std 0.14463   MSE[0,1] 0.013729   PSNR 18.62 dB
  train 0.11834   train/test gap 22.2%   params 17.05M   wall 40s   improving 0.19%/75 at the stop
  vs the linear 784-128-784 floor 0.06877: +110.3%

  step    train     test   per-block gain                  |out| b3  score b0  score b3   m_min    tau
     1  1.61835  1.60930    0.02  1.53  0.70  2.35       0.4        79       135   0.105  0.501
   250  0.26024  0.26112    0.72  1.34  1.09  1.26      35.3       351       454   0.179  0.543
   500  0.21591  0.21737    1.04  1.32  1.06  1.22      48.2       406       507   0.192  0.581
  1000  0.18353  0.18656    1.44  1.31  1.04  1.18      68.9       489       591   0.211  0.618
  2000  0.15602  0.16240    1.94  1.34  1.06  1.14     106.0       586       704   0.232  0.665
  3000  0.14039  0.14950    2.43  1.36  1.06  1.12     151.2       683       826   0.254  0.693
  4000  0.13609  0.14824    2.82  1.38  1.07  1.10     196.1       759       930   0.270  0.711
  5000  0.13366  0.14868    3.12  1.36  1.07  1.08     237.9       831      1012   0.285  0.731
  6000  0.12943  0.14697    3.36  1.39  1.08  1.05     283.5       883      1098   0.298  0.750
  7000  0.12422  0.14373    3.66  1.40  1.09  1.02     339.9       961      1189   0.316  0.764
  8000  0.12237  0.14417    3.83  1.40  1.10  0.98     376.1      1020      1241   0.328  0.772
  9000  0.12048  0.14483    4.01  1.40  1.09  0.95     417.3      1088      1285   0.338  0.789
 10000  0.11834  0.14463    4.16  1.41  1.10  0.92     455.5      1141      1330   0.350  0.805

final per-block profile
  gain    4.156   1.409   1.097   0.917
  |in|    75.85  325.65  458.53  503.80
  |out|  325.65  458.53  503.80  455.50
  score  1140.8  1376.5  1644.3  1329.7
  m_min   0.308   0.351   0.391   0.349
  tau     0.759   0.943   0.872   0.646
  mean test over (7000, 8500]: 0.14501
  mean test over (8500, 10001]: 0.14543
