
### wd = 0 (baseline)

READOUT (t5 = block output) mean per-sample L2 norm
block         500     1000     2000     3000     5000     7000     9000    10000
0            27.1     40.8     64.3     89.1    145.7    208.8    272.8    312.2
1            39.3     58.5     92.5    127.0    208.7    296.3    396.4    449.2
2            42.6     61.5     98.8    139.1    230.8    336.4    453.5    509.3
3            48.9     69.3    112.8    155.4    250.9    344.2    439.9    478.7

PER-BLOCK GAIN  ||t5 out|| / ||t0 in||   (t0 is the PRE-NORM block input)
block         500     1000     2000     3000     5000     7000     9000    10000
0           1.035    1.426    1.964    2.363    3.063    3.560    3.932    4.126
1           1.452    1.431    1.439    1.425    1.433    1.419    1.453    1.439
2           1.085    1.052    1.069    1.095    1.106    1.135    1.144    1.134
3           1.148    1.126    1.141    1.118    1.087    1.023    0.970    0.940
product      1.87     2.42     3.45     4.12     5.28     5.87     6.34     6.33
t5b3/t0b0     1.87     2.42     3.45     4.12     5.28     5.87     6.34     6.33

STAGE-BY-STAGE inside block 0, mean norm -- which stage is doing the amplifying
tap                     500     1000     2000     3000     5000     7000     9000    10000
t0_in                  26.1     28.6     32.7     37.7     47.6     58.6     69.4     75.7
t1_postnorm            11.3     11.3     11.2     11.2     11.1     10.9     10.8     10.8
t2_postcompress        12.2     13.3     14.5     15.6     17.4     18.8     20.1     20.9
t3_lut_out             27.1     40.8     64.3     89.1    145.7    208.8    272.8    312.2
t5_block_out           27.1     40.8     64.3     89.1    145.7    208.8    272.8    312.2
t2/t1 compress        1.076    1.176    1.290    1.398    1.570    1.721    1.851    1.934
t3/t2 the LUT          2.22     3.08     4.43     5.70     8.39    11.08    13.60    14.97

SPREAD of the readout across samples: std / mean
block         500     1000     2000     3000     5000     7000     9000    10000
0           0.160    0.175    0.158    0.146    0.129    0.116    0.118    0.116
1           0.178    0.168    0.173    0.172    0.162    0.159    0.147    0.148
2           0.146    0.126    0.124    0.129    0.119    0.119    0.114    0.120
3           0.149    0.144    0.146    0.157    0.154    0.170    0.173    0.184

FINAL CHECKPOINT (10000): per-sample readout norm distribution, and every tap
block        min   median     mean      max  max/med           t0        t1        t2        t3        t5
0          197.7    310.0    312.2    442.9     1.43         75.7      10.8      20.9     312.2     312.2
1          233.8    451.1    449.2    625.2     1.39        312.2      10.7      22.4     449.2     449.2
2          339.2    515.6    509.3    644.3     1.25        449.2      11.1      25.9     509.3     509.3
3          218.1    485.3    478.7    666.0     1.37        509.3      11.5      23.6     478.7     478.7

  final test MSE 0.14395, train 0.11851

### table wd = 1e-3

READOUT (t5 = block output) mean per-sample L2 norm
block         500     1000     2000     3000     5000     7000     9000    10000
0            27.2     42.4     65.9     91.5    148.7    210.5    278.0    314.0
1            39.1     58.1     92.8    127.3    212.1    296.5    385.2    445.4
2            42.3     62.6    100.1    138.0    230.2    330.1    437.4    497.3
3            49.8     73.3    111.2    150.4    245.7    328.8    409.3    458.3

PER-BLOCK GAIN  ||t5 out|| / ||t0 in||   (t0 is the PRE-NORM block input)
block         500     1000     2000     3000     5000     7000     9000    10000
0           1.025    1.473    1.974    2.401    3.087    3.599    3.972    4.178
1           1.438    1.369    1.408    1.391    1.427    1.409    1.386    1.418
2           1.081    1.079    1.079    1.084    1.085    1.113    1.136    1.117
3           1.178    1.171    1.110    1.090    1.067    0.996    0.936    0.922
product      1.88     2.55     3.33     3.95     5.10     5.62     5.85     6.10
t5b3/t0b0     1.88     2.55     3.33     3.95     5.10     5.62     5.85     6.10

STAGE-BY-STAGE inside block 0, mean norm -- which stage is doing the amplifying
tap                     500     1000     2000     3000     5000     7000     9000    10000
t0_in                  26.5     28.8     33.4     38.1     48.2     58.5     70.0     75.2
t1_postnorm            11.3     11.3     11.3     11.2     11.1     11.0     10.8     10.8
t2_postcompress        12.0     13.1     14.3     15.3     17.0     18.5     19.9     20.5
t3_lut_out             27.2     42.4     65.9     91.5    148.7    210.5    278.0    314.0
t5_block_out           27.2     42.4     65.9     91.5    148.7    210.5    278.0    314.0
t2/t1 compress        1.063    1.156    1.266    1.367    1.538    1.686    1.842    1.899
t3/t2 the LUT          2.26     3.24     4.62     5.97     8.72    11.39    13.93    15.35

SPREAD of the readout across samples: std / mean
block         500     1000     2000     3000     5000     7000     9000    10000
0           0.152    0.157    0.144    0.133    0.118    0.117    0.112    0.116
1           0.155    0.157    0.177    0.168    0.161    0.158    0.160    0.157
2           0.138    0.138    0.126    0.122    0.125    0.129    0.122    0.124
3           0.166    0.155    0.151    0.162    0.169    0.186    0.201    0.203

FINAL CHECKPOINT (10000): per-sample readout norm distribution, and every tap
block        min   median     mean      max  max/med           t0        t1        t2        t3        t5
0          196.9    312.1    314.0    437.7     1.40         75.2      10.8      20.5     314.0     314.0
1          265.3    448.0    445.4    608.0     1.36        314.0      10.7      22.8     445.4     445.4
2          298.4    495.8    497.3    687.7     1.39        445.4      11.0      25.4     497.3     497.3
3          226.4    461.0    458.3    692.4     1.50        497.3      11.4      22.7     458.3     458.3

  final test MSE 0.14402, train 0.11930
